ID	chrom	start	end	num.mark	seg.median.logR	copy.number	call	subclone.status
RP-1532_PCProject_0093_BLOOD_P_v1_WGS_OnPrem	1	1000001	25000000	24	0.000238044681746683	2	NEUT	0
RP-1532_PCProject_0093_BLOOD_P_v1_WGS_OnPrem	1	25000001	31000000	6	-0.172648758238223	1	HETD	0
RP-1532_PCProject_0093_BLOOD_P_v1_WGS_OnPrem	1	31000001	248000000	217	-0.000973819152599989	2	NEUT	0
RP-1532_PCProject_0093_BLOOD_P_v1_WGS_OnPrem	2	1	189000000	189	-0.00417227405825082	2	NEUT	0
RP-1532_PCProject_0093_BLOOD_P_v1_WGS_OnPrem	2	189000001	243000000	54	0.138435245343541	3	GAIN	0
RP-1532_PCProject_0093_BLOOD_P_v1_WGS_OnPrem	3	1000001	197000000	196	-0.000841091208838331	2	NEUT	0
RP-1532_PCProject_0093_BLOOD_P_v1_WGS_OnPrem	4	1	191000000	191	-0.0050782865439292	2	NEUT	0
RP-1532_PCProject_0093_BLOOD_P_v1_WGS_OnPrem	5	1000001	34000000	33	0.00719472016891335	2	NEUT	0
RP-1532_PCProject_0093_BLOOD_P_v1_WGS_OnPrem	5	35000001	136000000	101	-0.0928677224770635	1	HETD	1
RP-1532_PCProject_0093_BLOOD_P_v1_WGS_OnPrem	5	136000001	180000000	44	0.0801849903726086	3	GAIN	1
RP-1532_PCProject_0093_BLOOD_P_v1_WGS_OnPrem	6	1000001	170000000	169	0.00585445647592754	2	NEUT	0
RP-1532_PCProject_0093_BLOOD_P_v1_WGS_OnPrem	7	1000001	96000000	95	0.16064986358315	3	GAIN	0
RP-1532_PCProject_0093_BLOOD_P_v1_WGS_OnPrem	7	96000001	136000000	40	0.00115271333767022	2	NEUT	0
RP-1532_PCProject_0093_BLOOD_P_v1_WGS_OnPrem	7	136000001	159000000	23	0.145997852747881	3	GAIN	0
RP-1532_PCProject_0093_BLOOD_P_v1_WGS_OnPrem	8	1000001	43000000	42	-0.166272046157494	1	HETD	0
RP-1532_PCProject_0093_BLOOD_P_v1_WGS_OnPrem	8	47000001	66000000	19	0.0252558193858021	2	NEUT	0
RP-1532_PCProject_0093_BLOOD_P_v1_WGS_OnPrem	8	66000001	109000000	43	0.166078725022015	3	GAIN	0
RP-1532_PCProject_0093_BLOOD_P_v1_WGS_OnPrem	8	109000001	145000000	36	0.023243259803762	2	NEUT	0
RP-1532_PCProject_0093_BLOOD_P_v1_WGS_OnPrem	9	1000001	38000000	37	0.00775448584477808	2	NEUT	0
RP-1532_PCProject_0093_BLOOD_P_v1_WGS_OnPrem	9	71000001	141000000	70	0.149015970773421	3	GAIN	0
RP-1532_PCProject_0093_BLOOD_P_v1_WGS_OnPrem	10	1000001	46000000	45	-0.00822913251323067	2	NEUT	0
RP-1532_PCProject_0093_BLOOD_P_v1_WGS_OnPrem	10	50000001	69000000	19	0.140003454852988	3	GAIN	0
RP-1532_PCProject_0093_BLOOD_P_v1_WGS_OnPrem	10	69000001	88000000	19	0.291894716842901	4	AMP	0
RP-1532_PCProject_0093_BLOOD_P_v1_WGS_OnPrem	10	88000001	100000000	12	-0.0104220289753818	2	NEUT	0
RP-1532_PCProject_0093_BLOOD_P_v1_WGS_OnPrem	10	100000001	135000000	35	-0.15657713548272	1	HETD	0
RP-1532_PCProject_0093_BLOOD_P_v1_WGS_OnPrem	11	1000001	135000000	134	0.00562939604954889	2	NEUT	0
RP-1532_PCProject_0093_BLOOD_P_v1_WGS_OnPrem	12	1000001	33000000	32	-0.177665008895394	1	HETD	0
RP-1532_PCProject_0093_BLOOD_P_v1_WGS_OnPrem	12	33000001	116000000	83	0.000718462130362821	2	NEUT	0
RP-1532_PCProject_0093_BLOOD_P_v1_WGS_OnPrem	12	116000001	134000000	18	0.176971072580726	3	GAIN	0
RP-1532_PCProject_0093_BLOOD_P_v1_WGS_OnPrem	13	20000001	114000000	94	-0.182156118557681	1	HETD	0
RP-1532_PCProject_0093_BLOOD_P_v1_WGS_OnPrem	14	21000001	58000000	37	0.00663062640792582	2	NEUT	0
RP-1532_PCProject_0093_BLOOD_P_v1_WGS_OnPrem	14	58000001	73000000	15	-0.152993481001152	1	HETD	0
RP-1532_PCProject_0093_BLOOD_P_v1_WGS_OnPrem	14	73000001	106000000	33	0.009080322587355	2	NEUT	0
RP-1532_PCProject_0093_BLOOD_P_v1_WGS_OnPrem	15	25000001	50000000	25	0.0209767858945255	2	NEUT	0
RP-1532_PCProject_0093_BLOOD_P_v1_WGS_OnPrem	15	50000001	61000000	11	-0.176404093429657	1	HETD	0
RP-1532_PCProject_0093_BLOOD_P_v1_WGS_OnPrem	15	61000001	102000000	41	-0.0161379867273839	2	NEUT	0
RP-1532_PCProject_0093_BLOOD_P_v1_WGS_OnPrem	16	1000001	32000000	31	0.00289260355698244	2	NEUT	0
RP-1532_PCProject_0093_BLOOD_P_v1_WGS_OnPrem	16	47000001	90000000	43	-0.152322627807138	1	HETD	0
RP-1532_PCProject_0093_BLOOD_P_v1_WGS_OnPrem	17	1000001	13000000	12	-0.192883998881732	1	HETD	0
RP-1532_PCProject_0093_BLOOD_P_v1_WGS_OnPrem	17	13000001	81000000	68	-0.0023025412852588	2	NEUT	0
RP-1532_PCProject_0093_BLOOD_P_v1_WGS_OnPrem	18	1	62000000	62	0.162945191393204	3	GAIN	0
RP-1532_PCProject_0093_BLOOD_P_v1_WGS_OnPrem	18	62000001	78000000	16	-0.176582987614727	1	HETD	0
RP-1532_PCProject_0093_BLOOD_P_v1_WGS_OnPrem	19	1000001	48000000	47	0.0132901067166692	2	NEUT	0
RP-1532_PCProject_0093_BLOOD_P_v1_WGS_OnPrem	19	48000001	59000000	11	0.129530931551175	3	GAIN	0
RP-1532_PCProject_0093_BLOOD_P_v1_WGS_OnPrem	20	1	63000000	63	0.0128645116796069	2	NEUT	0
RP-1532_PCProject_0093_BLOOD_P_v1_WGS_OnPrem	21	16000001	48000000	32	0.0192498799305813	2	NEUT	0
RP-1532_PCProject_0093_BLOOD_P_v1_WGS_OnPrem	22	19000001	51000000	32	-0.117661879449781	1	HETD	1
RP-1532_PCProject_0093_BLOOD_P_v1_WGS_OnPrem	X	4000001	151000000	147	0.00360096682205892	2	NEUT	0
